{"camera_angle_x": 0.17453292519943295, "frames": [{"rgb_file_path": "rgb/1.png", "depth_file_path": "distance/1.png", "camera_pos": [-2.3964377068540283, 0.23698703929553933, -3.193888454591697], "lookAt_pos": [0.0, 0.0, 0.0], "transform_matrix": [[-0.7998772226524036, 0.035557752293654356, -0.599109406398408, -2.396437644958496], [2.51068734776282e-09, 0.9982432847214922, 0.059246753599066566, 0.23698703944683075], [0.6001637128019363, 0.04739012747030421, -0.7984720435477489, -3.1938884258270264], [0.0, 0.0, 0.0, 1.0]]}, {"rgb_file_path": "rgb/2.png", "depth_file_path": "distance/2.png", "camera_pos": [-0.9577930429958219, 3.883397828077952, -0.043055727473230394], "lookAt_pos": [0.0, 0.0, 0.0], "transform_matrix": [[-0.04490770808309332, 0.9698700395379339, -0.2394482606303907, -0.9577930569648743], [5.7292838341563606e-11, 0.2396900869572892, 0.9708494588020378, 3.8833978176116943], [0.9989911481899255, 0.04359862553054241, -0.010763931891470504, -0.04305572807788849], [0.0, 0.0, 0.0, 1.0]]}, {"rgb_file_path": "rgb/3.png", "depth_file_path": "distance/3.png", "camera_pos": [-3.7767382786681996, 1.128805581490574, -0.6797396072306614], "lookAt_pos": [0.0, 0.0, 0.0], "transform_matrix": [[-0.17713450642681594, 0.2777388604692328, -0.9441845179518049, -3.776738166809082], [3.756651268896951e-09, 0.9593551169227645, 0.28220141790359715, 1.1288056373596191], [0.9841866566910156, 0.04998760542330909, -0.16993489153960337, -0.6797395944595337], [0.0, 0.0, 0.0, 1.0]]}, {"rgb_file_path": "rgb/4.png", "depth_file_path": "distance/4.png", "camera_pos": [3.096370707942639, 0.9129530087315728, -2.3619917956764303], "lookAt_pos": [0.0, 0.0, 0.0], "transform_matrix": [[-0.6065065103471368, -0.18146732504189061, 0.7740926511692795, 3.0963706970214844], [-4.453951682518079e-09, 0.9736052855051587, 0.22823825099697567, 0.9129530191421509], [-0.7950785116204313, 0.13842798511499133, -0.5904979641318284, -2.3619918823242188], [0.0, 0.0, 0.0, 1.0]]}, {"rgb_file_path": "rgb/5.png", "depth_file_path": "distance/5.png", "camera_pos": [-0.9783611488767717, 2.4453189582403287, -3.010519000909803], "lookAt_pos": [0.0, 0.0, 0.0], "transform_matrix": [[-0.9510393913255809, 0.1889434523254877, -0.24459028266928848, -0.9783611297607422], [6.908088198557709e-09, 0.7913759873276077, 0.6113297290754476, 2.4453189373016357], [0.3090696260918584, 0.5813986700463891, -0.7526297593272667, -3.010519027709961], [0.0, 0.0, 0.0, 1.0]]}, {"rgb_file_path": "rgb/6.png", "depth_file_path": "distance/6.png", "camera_pos": [-0.747273579101856, 2.1714752246756626, -3.275099623919261], "lookAt_pos": [0.0, 0.0, 0.0], "transform_matrix": [[-0.9749438475760344, 0.12076179946667129, -0.18681837229749018, -0.7472735643386841], [-7.926600094318295e-09, 0.8398174702648181, 0.5428688165238481, 2.1714751720428467], [0.22245117998100278, 0.5292665898621929, -0.8187748382863979, -3.275099515914917], [0.0, 0.0, 0.0, 1.0]]}, {"rgb_file_path": "rgb/7.png", "depth_file_path": "distance/7.png", "camera_pos": [-0.7184799998095698, 1.8892289235141235, -3.451753259494558], "lookAt_pos": [0.0, 0.0, 0.0], "transform_matrix": [[-0.9790163994734069, 0.09624750718724363, -0.1796199919806941, -0.7184799909591675], [1.019440099554201e-09, 0.8814340217987562, 0.4723072183258718, 1.8892289400100708], [0.20378156222548172, 0.46239652137671144, -0.8629382920017457, -3.4517533779144287], [0.0, 0.0, 0.0, 1.0]]}, {"rgb_file_path": "rgb/8.png", "depth_file_path": "distance/8.png", "camera_pos": [0.575182560388926, 2.1321058529341155, 3.3351596144875177], "lookAt_pos": [0.0, 0.0, 0.0], "transform_matrix": [[0.9854524718704699, -0.0905886009200436, 0.1437956390825975, 0.5751825571060181], [2.692611266457373e-09, 0.8460985254160756, 0.5330264290489816, 2.132105827331543], [-0.16995141905740035, -0.5252722286302346, 0.833789848182904, 3.3351595401763916], [0.0, 0.0, 0.0, 1.0]]}, {"rgb_file_path": "rgb/9.png", "depth_file_path": "distance/9.png", "camera_pos": [0.9613358285453182, 3.3910102172998977, 1.8912649552410117], "lookAt_pos": [0.0, 0.0, 0.0], "transform_matrix": [[0.8914468833237232, -0.3841380495600143, 0.2403339476941588, 0.9613358378410339], [-1.4193263966098284e-08, 0.5303919162534199, 0.8477525537089792, 3.391010284423828], [-0.45312519749777613, -0.7557263698924006, 0.4728162233885685, 1.8912649154663086], [0.0, 0.0, 0.0, 1.0]]}, {"rgb_file_path": "rgb/10.png", "depth_file_path": "distance/10.png", "camera_pos": [-3.79868977888304, 0.6742206135273402, 1.0561167208714852], "lookAt_pos": [0.0, 0.0, 0.0], "transform_matrix": [[0.2678616681480772, 0.16239569914428667, -0.9496724307101535, -3.798689842224121], [-5.907576171225086e-10, 0.9856921847446909, 0.16855515380835134, 0.674220621585846], [0.9634573510176355, -0.045149465700906874, 0.26402917727118536, 1.0561167001724243], [0.0, 0.0, 0.0, 1.0]]}, {"rgb_file_path": "rgb/11.png", "depth_file_path": "distance/11.png", "camera_pos": [3.5808837147583925, 0.46843925801990355, -1.7198361790949446], "lookAt_pos": [0.0, 0.0, 0.0], "transform_matrix": [[-0.4329381208940818, -0.10556555670501133, 0.8952209166812606, 3.580883741378784], [-2.4249558654454004e-10, 0.9931190010600925, 0.1171098157725592, 0.4684392511844635], [-0.901423662703839, 0.05070130153219218, -0.4299590420520884, -1.7198362350463867], [0.0, 0.0, 0.0, 1.0]]}, {"rgb_file_path": "rgb/12.png", "depth_file_path": "distance/12.png", "camera_pos": [3.983162977266092, 0.2702617340622589, 0.24773229833508217], "lookAt_pos": [0.0, 0.0, 0.0], "transform_matrix": [[0.06207492654740404, -0.06743513606058434, 0.995790708415542, 3.9831628799438477], [-3.2133443773865e-10, 0.9977148125959177, 0.0675654338227105, 0.2702617347240448], [-0.998071492682978, -0.004194119458044543, 0.061933072731601084, 0.24773229658603668], [0.0, 0.0, 0.0, 1.0]]}, {"rgb_file_path": "rgb/13.png", "depth_file_path": "distance/13.png", "camera_pos": [3.3257410452900658, 0.7032208970058658, 2.1082995208668067], "lookAt_pos": [0.0, 0.0, 0.0], "transform_matrix": [[0.5354139612141888, -0.14848329807726016, 0.8314352561833367, 3.3257410526275635], [-7.81505808300279e-09, 0.9844249917177108, 0.1758052291483958, 0.7032209038734436], [-0.8445897704332029, -0.09412857756254539, 0.527074889993123, 2.108299493789673], [0.0, 0.0, 0.0, 1.0]]}, {"rgb_file_path": "rgb/14.png", "depth_file_path": "distance/14.png", "camera_pos": [2.3502617815659854, 0.25918325150637284, -3.2263126941213964], "lookAt_pos": [0.0, 0.0, 0.0], "transform_matrix": [[-0.8082766921556651, -0.03815195460808321, 0.5875654082397692, 2.350261688232422], [1.9865714023124754e-09, 0.9978984475595493, 0.06479581470911248, 0.25918325781822205], [-0.5888027629117494, 0.05237294723564837, -0.8065781278926634, -3.2263126373291016], [0.0, 0.0, 0.0, 1.0]]}, {"rgb_file_path": "rgb/15.png", "depth_file_path": "distance/15.png", "camera_pos": [-3.558112245769976, 1.7988707687274954, 0.32233709671629296], "lookAt_pos": [0.0, 0.0, 0.0], "transform_matrix": [[0.09022270052402032, 0.4478835720675984, -0.8895280078583875, -3.558112144470215], [3.8804178831218873e-10, 0.8931707170230617, 0.44971769125037114, 1.7988708019256592], [0.9959216192223995, -0.04057474536147328, 0.08058427381950349, 0.3223370909690857], [0.0, 0.0, 0.0, 1.0]]}, {"rgb_file_path": "rgb/16.png", "depth_file_path": "distance/16.png", "camera_pos": [2.7231450498506122, 1.226100864708374, -2.6610444767112567], "lookAt_pos": [0.0, 0.0, 0.0], "transform_matrix": [[-0.6989046116387203, -0.21923144020936655, 0.6807862977051435, 2.723145008087158], [-1.0302049302865854e-08, 0.9518626068133195, 0.3065252497761462, 1.2261009216308594], [-0.7152149156624668, 0.2142319106727412, -0.6652611011354534, -2.6610443592071533], [0.0, 0.0, 0.0, 1.0]]}, {"rgb_file_path": "rgb/17.png", "depth_file_path": "distance/17.png", "camera_pos": [-1.245676857963925, 1.8740095286260932, 3.307019421193612], "lookAt_pos": [0.0, 0.0, 0.0], "transform_matrix": [[0.9358123165052773, 0.1651464331226518, -0.3114192114863193, -1.245676875114441], [9.805933344527926e-10, 0.8834622269407233, 0.46850237239689185, 1.8740094900131226], [0.3524986079178387, -0.4384302895187031, 0.8267548530838097, 3.3070194721221924], [0.0, 0.0, 0.0, 1.0]]}, {"rgb_file_path": "rgb/18.png", "depth_file_path": "distance/18.png", "camera_pos": [-1.2581299636305054, 3.6436337676168438, 1.0681956572170601], "lookAt_pos": [0.0, 0.0, 0.0], "transform_matrix": [[0.6472210170841891, 0.6943876950678426, -0.3145324937015979, -1.2581299543380737], [-1.3953877871888154e-08, 0.41260852906881246, 0.9109084208153454, 3.6436338424682617], [0.7623024498428224, -0.5895590487183394, 0.26704891099719713, 1.0681957006454468], [0.0, 0.0, 0.0, 1.0]]}, {"rgb_file_path": "rgb/19.png", "depth_file_path": "distance/19.png", "camera_pos": [-2.3047972613532384, 3.002040099802207, -1.294474728698157], "lookAt_pos": [0.0, 0.0, 0.0], "transform_matrix": [[-0.4896939686667711, 0.6543655297197963, -0.5761992791080608, -2.3047971725463867], [5.996681042184138e-09, 0.6608590824714811, 0.7505100629117892, 3.002040147781372], [0.8718944249184739, 0.3675202514147195, -0.3236186722938383, -1.294474720954895], [0.0, 0.0, 0.0, 1.0]]}, {"rgb_file_path": "rgb/20.png", "depth_file_path": "distance/20.png", "camera_pos": [2.2624200673312966, 2.652043124469961, 1.9616632496145356], "lookAt_pos": [0.0, 0.0, 0.0], "transform_matrix": [[0.6551019580975459, -0.5009314280228273, 0.5656050248758794, 2.262420177459717], [2.2864338927016733e-09, 0.7486098108541179, 0.663010768280122, 2.652043104171753], [-0.7555404309389977, -0.4343396441660203, 0.49041579645489436, 1.9616632461547852], [0.0, 0.0, 0.0, 1.0]]}, {"rgb_file_path": "rgb/21.png", "depth_file_path": "distance/21.png", "camera_pos": [0.42213732942386895, 1.3496129558651517, -3.7417034816334405], "lookAt_pos": [0.0, 0.0, 0.0], "transform_matrix": [[-0.9936960058596084, -0.03782571482881627, 0.10553432752602045, 0.4221373200416565], [1.538961392418807e-09, 0.9413601980807458, 0.33740323077229983, 1.3496129512786865], [-0.112108339321836, 0.33527623602816875, -0.9354258674242585, -3.741703510284424], [0.0, 0.0, 0.0, 1.0]]}, {"rgb_file_path": "rgb/22.png", "depth_file_path": "distance/22.png", "camera_pos": [-1.5000444135254973, 0.8160048759826576, 3.6171816100140006], "lookAt_pos": [0.0, 0.0, 0.0], "transform_matrix": [[0.9237206522241727, 0.07814609255432707, -0.3750111241457652, -1.5000444650650024], [4.632441336367184e-09, 0.9789706783553207, 0.20400123341439586, 0.8160048723220825], [0.383066769723959, -0.18844014942179166, 0.9042954031224829, 3.6171815395355225], [0.0, 0.0, 0.0, 1.0]]}, {"rgb_file_path": "rgb/23.png", "depth_file_path": "distance/23.png", "camera_pos": [-2.4217423376724305, 0.3582201643982821, -3.1633593478679183], "lookAt_pos": [0.0, 0.0, 0.0], "transform_matrix": [[-0.7940303821246232, 0.05443855120823923, -0.6054355723572731, -2.4217424392700195], [3.4940142828457053e-10, 0.9959819372591563, 0.08955503714802794, 0.3582201600074768], [0.60787815396239, 0.0711094221160717, -0.7908398133917071, -3.1633594036102295], [0.0, 0.0, 0.0, 1.0]]}, {"rgb_file_path": "rgb/24.png", "depth_file_path": "distance/24.png", "camera_pos": [3.611537135197184, 1.5460787950980066, 0.7526220036911061], "lookAt_pos": [0.0, 0.0, 0.0], "transform_matrix": [[0.2040109910829936, -0.3783906184981793, 0.902884265862749, 3.611537218093872], [3.483294628455733e-09, 0.9222810999819269, 0.3865196910921271, 1.5460788011550903], [-0.9789685717840904, -0.07885426555158456, 0.18815549905878884, 0.7526220083236694], [0.0, 0.0, 0.0, 1.0]]}, {"rgb_file_path": "rgb/25.png", "depth_file_path": "distance/25.png", "camera_pos": [1.7509752051113385, 1.9514993951112616, 3.020883304923526], "lookAt_pos": [0.0, 0.0, 0.0], "transform_matrix": [[0.8651724847562607, -0.24465672712070213, 0.43774379933863533, 1.750975251197815], [-1.003788597685937e-08, 0.8729135914634008, 0.48787483554311006, 1.951499342918396], [-0.5014743794715526, -0.4220958872367796, 0.7552208334458889, 3.020883321762085], [0.0, 0.0, 0.0, 1.0]]}, {"rgb_file_path": "rgb/26.png", "depth_file_path": "distance/26.png", "camera_pos": [-3.5928574018214925, 0.5110456047048851, 1.6823222283761008], "lookAt_pos": [0.0, 0.0, 0.0], "transform_matrix": [[0.42405574358483855, 0.11570533443819901, -0.8982143509514835, -3.5928573608398438], [9.981429649996945e-10, 0.9918049690901706, 0.1277613958727689, 0.5110455751419067], [0.9056361150855037, -0.05417795406877236, 0.4205805729359344, 1.6823222637176514], [0.0, 0.0, 0.0, 1.0]]}, {"rgb_file_path": "rgb/27.png", "depth_file_path": "distance/27.png", "camera_pos": [0.5556841265161226, 0.13010353221107834, 3.9590766881236608], "lookAt_pos": [0.0, 0.0, 0.0], "transform_matrix": [[0.9902931390328638, -0.004520921201240055, 0.13892103271236012, 0.5556841492652893], [-1.0810474895011404e-10, 0.9994708975101376, 0.0325258808915374, 0.13010352849960327], [-0.13899458133678758, -0.03221015849059587, 0.9897691824655128, 3.9590766429901123], [0.0, 0.0, 0.0, 1.0]]}, {"rgb_file_path": "rgb/28.png", "depth_file_path": "distance/28.png", "camera_pos": [3.877734608976656, 0.5183013065884627, -0.8333894995338936], "lookAt_pos": [0.0, 0.0, 0.0], "transform_matrix": [[-0.2101187690106812, -0.1266826688360182, 0.9694336370233947, 3.877734661102295], [2.1541901987607092e-10, 0.9915695843937002, 0.12957532415045672, 0.5183013081550598], [-0.9776758805395992, 0.027226208453026597, -0.20834738110182893, -0.8333895206451416], [0.0, 0.0, 0.0, 1.0]]}, {"rgb_file_path": "rgb/29.png", "depth_file_path": "distance/29.png", "camera_pos": [2.568832912321809, 2.51959618338646, -1.747207068791972], "lookAt_pos": [0.0, 0.0, 0.0], "transform_matrix": [[-0.5623982211796055, -0.5208424132621755, 0.6422082051578105, 2.5688328742980957], [5.8573034912146925e-09, 0.7766769911812578, 0.6298989763324492, 2.5195960998535156], [-0.8268665487849534, 0.3542540791886043, -0.4368017476545786, -1.7472070455551147], [0.0, 0.0, 0.0, 1.0]]}, {"rgb_file_path": "rgb/30.png", "depth_file_path": "distance/30.png", "camera_pos": [2.3266436397177217, 1.9333957331521152, -2.6170040719858023], "lookAt_pos": [0.0, 0.0, 0.0], "transform_matrix": [[-0.7473501202168614, -0.32115176169617926, 0.5816608949578322, 2.326643705368042], [1.5700494090441933e-08, 0.8754278063694294, 0.4833489005056331, 1.9333957433700562], [-0.6644305162801887, 0.3612308629453576, -0.6542510180154695, -2.617004156112671], [0.0, 0.0, 0.0, 1.0]]}, {"rgb_file_path": "rgb/31.png", "depth_file_path": "distance/31.png", "camera_pos": [2.308317559138886, 3.23233756391071, 0.47293119912189574], "lookAt_pos": [0.0, 0.0, 0.0], "transform_matrix": [[0.20071205226090874, -0.7916400442059313, 0.5770794342607164, 2.3083176612854004], [-1.8464934680135235e-09, 0.5890667349973038, 0.8080843618335551, 3.232337474822998], [-0.9796502387631851, -0.16219227293999897, 0.11823280769425867, 0.4729312062263489], [0.0, 0.0, 0.0, 1.0]]}, {"rgb_file_path": "rgb/32.png", "depth_file_path": "distance/32.png", "camera_pos": [0.9693386171288733, 2.4425689449270576, -3.015665696760933], "lookAt_pos": [0.0, 0.0, 0.0], "transform_matrix": [[-0.9520269456908859, -0.18686518120046164, 0.24233463759956894, 0.969338595867157], [-8.404931512756873e-09, 0.7919065876963017, 0.6106422340400951, 2.4425690174102783], [-0.30601417856155944, 0.5813478672322031, -0.7539164001551842, -3.0156657695770264], [0.0, 0.0, 0.0, 1.0]]}, {"rgb_file_path": "rgb/33.png", "depth_file_path": "distance/33.png", "camera_pos": [3.176698662470738, 1.179640912543138, -2.125331250725641], "lookAt_pos": [0.0, 0.0, 0.0], "transform_matrix": [[-0.5560637694701636, -0.24511159385067757, 0.7941746970736261, 3.176698684692383], [-4.8530384133754165e-09, 0.9555250093744456, 0.29491022667630956, 1.1796408891677856], [-0.8311396742400505, 0.16398888789341404, -0.531332783244569, -2.125331163406372], [0.0, 0.0, 0.0, 1.0]]}, {"rgb_file_path": "rgb/34.png", "depth_file_path": "distance/34.png", "camera_pos": [-1.112939486154418, 0.8919110120832948, -3.7370925124597725], "lookAt_pos": [0.0, 0.0, 0.0], "transform_matrix": [[-0.9584022935777914, 0.0636424765034655, -0.27823485444077256, -1.112939476966858], [-4.125073526741259e-09, 0.9748235280933896, 0.22297776876491382, 0.8919110298156738], [0.28542075024803726, 0.21370239922981787, -0.9342731334490811, -3.7370924949645996], [0.0, 0.0, 0.0, 1.0]]}, {"rgb_file_path": "rgb/35.png", "depth_file_path": "distance/35.png", "camera_pos": [0.35688954215864516, 2.849319822819827, 2.7846016594809004], "lookAt_pos": [0.0, 0.0, 0.0], "transform_matrix": [[0.9918866567714578, -0.09055532412728083, 0.08922238350590221, 0.356889545917511], [-2.708309898287295e-09, 0.7018447015530916, 0.7123299470958996, 2.8493199348449707], [-0.12712553191952877, -0.7065505486831105, 0.6961503879363682, 2.7846016883850098], [0.0, 0.0, 0.0, 1.0]]}, {"rgb_file_path": "rgb/36.png", "depth_file_path": "distance/36.png", "camera_pos": [-0.7662008337039119, 3.896894010567821, 0.47660607720849957], "lookAt_pos": [0.0, 0.0, 0.0], "transform_matrix": [[0.528189170285965, 0.827239302806305, -0.19155021048461446, -0.766200840473175], [8.726185559616734e-10, 0.22558496690402458, 0.9742235099695515, 3.8968939781188965], [0.849126789250232, -0.5145743307206264, 0.11915152124075837, 0.4766060709953308], [0.0, 0.0, 0.0, 1.0]]}, {"rgb_file_path": "rgb/37.png", "depth_file_path": "distance/37.png", "camera_pos": [2.944650717304239, 2.6778751205649582, -0.39751351139155017], "lookAt_pos": [0.0, 0.0, 0.0], "transform_matrix": [[-0.13378164159016692, -0.6634507854289294, 0.7361626405247477, 2.944650650024414], [4.073965583113585e-09, 0.7428401600205393, 0.6694687353297379, 2.67787504196167], [-0.9910108225361766, 0.08956262764455261, -0.09937837426256463, -0.3975135087966919], [0.0, 0.0, 0.0, 1.0]]}, {"rgb_file_path": "rgb/38.png", "depth_file_path": "distance/38.png", "camera_pos": [-1.330136089990771, 2.864861201535915, 2.4542429134130663], "lookAt_pos": [0.0, 0.0, 0.0], "transform_matrix": [[0.8791787389007079, 0.34127093358430166, -0.3325340038856694, -1.3301360607147217], [-1.003581722481431e-08, 0.697879382463981, 0.7162153119047876, 2.864861249923706], [0.476492099404365, -0.6296812742331952, 0.613560707011898, 2.4542429447174072], [0.0, 0.0, 0.0, 1.0]]}, {"rgb_file_path": "rgb/39.png", "depth_file_path": "distance/39.png", "camera_pos": [-1.270533155221055, 3.691811048250912, -0.8696416994926885], "lookAt_pos": [0.0, 0.0, 0.0], "transform_matrix": [[-0.5648296915223441, 0.7616275097526619, -0.31763329737096985, -1.2705332040786743], [-1.1401696340419427e-08, 0.3849132274552808, 0.9229527438459368, 3.6918110847473145], [0.8252074596942841, 0.5213110967742393, -0.2174104276751403, -0.8696417212486267], [0.0, 0.0, 0.0, 1.0]]}, {"rgb_file_path": "rgb/40.png", "depth_file_path": "distance/40.png", "camera_pos": [-2.071394037334201, 3.3888184326722786, -0.47459074208935], "lookAt_pos": [0.0, 0.0, 0.0], "transform_matrix": [[-0.22332976366136467, 0.8258065870350507, -0.5178484463068611, -2.0713939666748047], [1.3703780390548795e-09, 0.5312666552988894, 0.8472045446641442, 3.3888185024261475], [0.9747428816980079, 0.18920599187041853, -0.11864767181602313, -0.4745907485485077], [0.0, 0.0, 0.0, 1.0]]}, {"rgb_file_path": "rgb/41.png", "depth_file_path": "distance/41.png", "camera_pos": [-3.0676765850081806, 2.4502812814008172, 0.7651679631357509], "lookAt_pos": [0.0, 0.0, 0.0], "transform_matrix": [[0.2420142853090429, 0.5943602398283435, -0.7669191286440986, -3.067676544189453], [4.8215542592710265e-09, 0.7904160397643296, 0.6125703314050185, 2.4502813816070557], [0.970272648051166, -0.14825077187705354, 0.19129198955435078, 0.7651679515838623], [0.0, 0.0, 0.0, 1.0]]}, {"rgb_file_path": "rgb/42.png", "depth_file_path": "distance/42.png", "camera_pos": [0.4765571848271985, 2.4700858707877393, 3.109914635568692], "lookAt_pos": [0.0, 0.0, 0.0], "transform_matrix": [[0.9884619313817173, -0.09353596120183105, 0.11913930295704869, 0.476557195186615], [1.410872604960431e-09, 0.7865541027328601, 0.6175215105278581, 2.470085859298706], [-0.1514699657516912, -0.610396493613856, 0.7774786493043258, 3.109914541244507], [0.0, 0.0, 0.0, 1.0]]}, {"rgb_file_path": "rgb/43.png", "depth_file_path": "distance/43.png", "camera_pos": [3.435482958435772, 0.8298997604111664, -1.8731586238134996], "lookAt_pos": [0.0, 0.0, 0.0], "transform_matrix": [[-0.4787061443991842, -0.18215786034553136, 0.8588707435742892, 3.435482978820801], [2.479573111289764e-09, 0.9782403537846514, 0.2074749388579543, 0.829899787902832], [-0.8779752187659429, 0.09931953227042922, -0.4682896492676485, -1.873158574104309], [0.0, 0.0, 0.0, 1.0]]}, {"rgb_file_path": "rgb/44.png", "depth_file_path": "distance/44.png", "camera_pos": [-2.335112781844943, 2.5954151519698723, -1.95219581112899], "lookAt_pos": [0.0, 0.0, 0.0], "transform_matrix": [[-0.6413990066081096, 0.4978054363944667, -0.5837782053428001, -2.3351128101348877], [-1.0231494497681277e-08, 0.7609130832440171, 0.6488538021134145, 2.5954151153564453], [0.7672073867380538, 0.4161741775073204, -0.4880489377836371, -1.9521957635879517], [0.0, 0.0, 0.0, 1.0]]}, {"rgb_file_path": "rgb/45.png", "depth_file_path": "distance/45.png", "camera_pos": [0.5573075334198728, 2.6646548134592094, 2.9307035056965627], "lookAt_pos": [0.0, 0.0, 0.0], "transform_matrix": [[0.9823952642628071, -0.12444867536562992, 0.1393268887282851, 0.5573075413703918], [2.674208732821775e-09, 0.745805471076404, 0.6661636757583796, 2.6646547317504883], [-0.18681396084946697, -0.6544360324952092, 0.7326758280982275, 2.9307034015655518], [0.0, 0.0, 0.0, 1.0]]}, {"rgb_file_path": "rgb/46.png", "depth_file_path": "distance/46.png", "camera_pos": [2.5330614425915674, 3.029228934022879, 0.6382568396300535], "lookAt_pos": [0.0, 0.0, 0.0], "transform_matrix": [[0.2443336018786375, -0.7343541396571968, 0.633265381723164, 2.5330615043640137], [-1.540216781890815e-10, 0.6530587453649785, 0.7573072037880821, 3.029228925704956], [-0.9696911874137742, -0.1850356017400317, 0.1595642138314569, 0.638256847858429], [0.0, 0.0, 0.0, 1.0]]}, {"rgb_file_path": "rgb/47.png", "depth_file_path": "distance/47.png", "camera_pos": [-2.9237679929601206, 2.574562488010342, -0.9073085024796936], "lookAt_pos": [0.0, 0.0, 0.0], "transform_matrix": [[-0.29637904784907115, 0.6147221526917853, -0.7309419764779519, -2.9237680435180664], [6.43797100043969e-10, 0.7653279218692023, 0.6436406165232342, 2.5745625495910645], [0.955070488691465, 0.19076159488762398, -0.22682712277843953, -0.9073085188865662], [0.0, 0.0, 0.0, 1.0]]}, {"rgb_file_path": "rgb/48.png", "depth_file_path": "distance/48.png", "camera_pos": [3.1675978829475997, 1.3799795822297938, 2.0154354379574575], "lookAt_pos": [0.0, 0.0, 0.0], "transform_matrix": [[0.53681701786088, -0.2910717405207167, 0.7918993786805387, 3.167597770690918], [-9.667150586658304e-09, 0.938604515651439, 0.344994894581607, 1.3799796104431152], [-0.8436987135651922, -0.18519913127652324, 0.5038588656105417, 2.0154354572296143], [0.0, 0.0, 0.0, 1.0]]}, {"rgb_file_path": "rgb/49.png", "depth_file_path": "distance/49.png", "camera_pos": [1.3585197092260857, 2.296046828253107, -2.9803679575034216], "lookAt_pos": [0.0, 0.0, 0.0], "transform_matrix": [[-0.9099280940503527, -0.23808052058095733, 0.33962993119522916, 1.3585196733474731], [4.110995119421737e-09, 0.8188470940460213, 0.5740116882093728, 2.296046733856201], [-0.41476597842137464, 0.5223093851316393, -0.7450920390379457, -2.98036789894104], [0.0, 0.0, 0.0, 1.0]]}, {"rgb_file_path": "rgb/50.png", "depth_file_path": "distance/50.png", "camera_pos": [-1.2042795709202243, 2.678562186035669, -2.7156979453915744], "lookAt_pos": [0.0, 0.0, 0.0], "transform_matrix": [[-0.914148210337363, 0.2714589713332252, -0.3010698726850732, -1.2042795419692993], [5.051090210815592e-09, 0.7426853726260585, 0.6696405763327424, 2.6785621643066406], [0.4053801269651294, 0.6121507071597644, -0.6789244597940843, -2.715698003768921], [0.0, 0.0, 0.0, 1.0]]}, {"rgb_file_path": "rgb/51.png", "depth_file_path": "distance/51.png", "camera_pos": [1.3696599375026612, 3.7125015076786565, -0.5842638197628772], "lookAt_pos": [0.0, 0.0, 0.0], "transform_matrix": [[-0.39236797664063017, -0.8536973758956639, 0.342414952922185, 1.3696599006652832], [-1.0294200310596996e-08, 0.3722677236969268, 0.9281253177758303, 3.7125015258789062], [-0.9198083342279816, 0.36416665537081727, -0.14606593820650088, -0.584263801574707], [0.0, 0.0, 0.0, 1.0]]}, {"rgb_file_path": "rgb/52.png", "depth_file_path": "distance/52.png", "camera_pos": [0.8709932397617038, 3.8647888976064646, 0.5520666202798525], "lookAt_pos": [0.0, 0.0, 0.0], "transform_matrix": [[0.535354886294875, -0.8160764220432828, 0.2177483109455319, 0.8709932565689087], [-6.828156610842324e-09, 0.25780402005951886, 0.9661971954645483, 3.8647890090942383], [-0.8446271682340581, -0.5172583711501931, 0.1380166533403631, 0.5520666241645813], [0.0, 0.0, 0.0, 1.0]]}, {"rgb_file_path": "rgb/53.png", "depth_file_path": "distance/53.png", "camera_pos": [3.367498133355458, 2.1400235552005884, 0.28329402576499424], "lookAt_pos": [0.0, 0.0, 0.0], "transform_matrix": [[0.08382984235456463, -0.533122690813941, 0.8418745381111857, 3.3674981594085693], [2.058034802435253e-09, 0.8448483338519046, 0.535005893193807, 2.1400234699249268], [-0.9964800604008524, -0.04484945648242617, 0.07082350106508149, 0.28329402208328247], [0.0, 0.0, 0.0, 1.0]]}, {"rgb_file_path": "rgb/54.png", "depth_file_path": "distance/54.png", "camera_pos": [0.6159070677413924, 2.739526492409826, 2.8487985329417236], "lookAt_pos": [0.0, 0.0, 0.0], "transform_matrix": [[0.9774176207069795, -0.14472685564616988, 0.1539767657567267, 0.6159070730209351], [2.648148164314612e-09, 0.7286543180846462, 0.6848816165966412, 2.7395265102386475], [-0.2113166060390426, -0.6694153756980984, 0.7121996400572328, 2.8487985134124756], [0.0, 0.0, 0.0, 1.0]]}, {"rgb_file_path": "rgb/55.png", "depth_file_path": "distance/55.png", "camera_pos": [-0.4566389197439273, 3.9527230775730033, 0.40922019622313877], "lookAt_pos": [0.0, 0.0, 0.0], "transform_matrix": [[0.6673820614370105, 0.7359135661947264, -0.11415973383915727, -0.4566389322280884], [3.730313977637641e-09, 0.15329308323850363, 0.9881807813826275, 3.9527230262756348], [0.7447154990806797, -0.6594941358115185, 0.10230505112445028, 0.4092201888561249], [0.0, 0.0, 0.0, 1.0]]}, {"rgb_file_path": "rgb/56.png", "depth_file_path": "distance/56.png", "camera_pos": [-0.3081644460770262, 0.6998745890763741, -3.926220859011782], "lookAt_pos": [0.0, 0.0, 0.0], "transform_matrix": [[-0.9969339459009395, 0.013690975672996835, -0.07704111188972775, -0.30816444754600525], [-7.416833991451208e-11, 0.9845739931530865, 0.17496863891009942, 0.6998745799064636], [0.07824816966028783, 0.17443217190383975, -0.9815552078817174, -3.9262208938598633], [0.0, 0.0, 0.0, 1.0]]}, {"rgb_file_path": "rgb/57.png", "depth_file_path": "distance/57.png", "camera_pos": [-0.11633402185034093, 1.6049763224811657, 3.6620373290881347], "lookAt_pos": [0.0, 0.0, 0.0], "transform_matrix": [[0.9994957805182944, 0.012740120746045474, -0.029083504754137318, -0.11633402109146118], [5.927288274859092e-10, 0.9159711340247653, 0.40124406488208464, 1.6049762964248657], [0.03175154986966113, -0.40104174245639446, 0.9155093311779221, 3.6620373725891113], [0.0, 0.0, 0.0, 1.0]]}, {"rgb_file_path": "rgb/58.png", "depth_file_path": "distance/58.png", "camera_pos": [-0.12775709211208158, 1.3447979313028233, 3.76499623497537], "lookAt_pos": [0.0, 0.0, 0.0], "transform_matrix": [[0.9994247988829136, 0.01140164762235255, -0.03193927207724311, -0.12775708734989166], [-1.165556506747658e-14, 0.9417907746475063, 0.33619948119112, 1.344797968864441], [0.033913340542370364, -0.33600608925978265, 0.9412490422383619, 3.764996290206909], [0.0, 0.0, 0.0, 1.0]]}, {"rgb_file_path": "rgb/59.png", "depth_file_path": "distance/59.png", "camera_pos": [0.21782292665155464, 2.485240667457069, 3.1266806676478], "lookAt_pos": [0.0, 0.0, 0.0], "transform_matrix": [[0.9975821837278646, -0.043179459383457325, 0.0544557307403594, 0.21782292425632477], [-1.6216941198121022e-10, 0.7835647480105726, 0.6213101756933092, 2.4852406978607178], [-0.06949743033215863, -0.6198079577641605, 0.7816701677295222, 3.126680612564087], [0.0, 0.0, 0.0, 1.0]]}, {"rgb_file_path": "rgb/60.png", "depth_file_path": "distance/60.png", "camera_pos": [2.8737541215070994, 1.6040735178022898, 2.2734303153178783], "lookAt_pos": [0.0, 0.0, 0.0], "transform_matrix": [[0.6204303095738274, -0.3145033257182958, 0.7184385311517888, 2.8737540245056152], [1.0119532360342719e-08, 0.9160700270158493, 0.401018387637553, 1.6040735244750977], [-0.784261597150392, -0.2488039624940535, 0.5683575935189991, 2.273430347442627], [0.0, 0.0, 0.0, 1.0]]}, {"rgb_file_path": "rgb/61.png", "depth_file_path": "distance/61.png", "camera_pos": [1.3723355167481444, 2.224396187679086, 3.0279955134891385], "lookAt_pos": [0.0, 0.0, 0.0], "transform_matrix": [[0.9108221222610362, -0.2295571300014824, 0.3430838797849653, 1.3723355531692505], [7.565831676122471e-09, 0.8311159828218484, 0.5560990224548313, 2.224396228790283], [-0.4127990157704718, -0.5065072927393348, 0.7569988661701249, 3.0279955863952637], [0.0, 0.0, 0.0, 1.0]]}, {"rgb_file_path": "rgb/62.png", "depth_file_path": "distance/62.png", "camera_pos": [2.5295671979484244, 2.3536827899891684, -2.0153081935952533], "lookAt_pos": [0.0, 0.0, 0.0], "transform_matrix": [[-0.6231203281705788, -0.4602190981861379, 0.6323918169512438, 2.529567241668701], [6.926450113691539e-09, 0.8085549226734651, 0.5884207055550734, 2.35368275642395], [-0.7821259294468573, 0.3666568943297585, -0.5038270261203174, -2.015308141708374], [0.0, 0.0, 0.0, 1.0]]}, {"rgb_file_path": "rgb/63.png", "depth_file_path": "distance/63.png", "camera_pos": [2.8763492529148835, 2.5381397061870103, 1.1333409933170633], "lookAt_pos": [0.0, 0.0, 0.0], "transform_matrix": [[0.3665899854162841, -0.590360344596915, 0.7190872849820527, 2.8763492107391357], [-1.2097972580894417e-08, 0.7728942491941166, 0.6345349514653432, 2.538139820098877], [-0.9303826708660679, -0.2326141645724183, 0.28333523682888434, 1.1333409547805786], [0.0, 0.0, 0.0, 1.0]]}, {"rgb_file_path": "rgb/64.png", "depth_file_path": "distance/64.png", "camera_pos": [1.2778341673665905, 3.0930985511996907, 2.1908631160519607], "lookAt_pos": [0.0, 0.0, 0.0], "transform_matrix": [[0.8638079188504707, -0.3895921726989086, 0.3194585329517695, 1.277834177017212], [5.202628969639353e-09, 0.6340712077625323, 0.7732746456966679, 3.0930986404418945], [-0.5038212021622814, -0.6679607573870541, 0.5477157360374733, 2.1908631324768066], [0.0, 0.0, 0.0, 1.0]]}, {"rgb_file_path": "rgb/65.png", "depth_file_path": "distance/65.png", "camera_pos": [3.211210540176532, 2.2604631778421447, 0.7605478869071558], "lookAt_pos": [0.0, 0.0, 0.0], "transform_matrix": [[0.23046582675741378, -0.5499031244142325, 0.802802553262275, 3.2112104892730713], [-4.9436948002180016e-09, 0.825011552635197, 0.565115770716018, 2.260463237762451], [-0.973080445137135, -0.13023987728498346, 0.19013695572711306, 0.7605478763580322], [0.0, 0.0, 0.0, 1.0]]}, {"rgb_file_path": "rgb/66.png", "depth_file_path": "distance/66.png", "camera_pos": [-1.2000456591818582, 0.6388585863153687, -3.7618811946378514], "lookAt_pos": [0.0, 0.0, 0.0], "transform_matrix": [[-0.9526999376581942, 0.0485393076699858, -0.30001143197171576, -1.2000457048416138], [9.875475020440694e-10, 0.987163265469306, 0.15971463739745065, 0.6388585567474365], [0.30391270602723497, 0.1521601279158996, -0.9404703127497622, -3.761881113052368], [0.0, 0.0, 0.0, 1.0]]}, {"rgb_file_path": "rgb/67.png", "depth_file_path": "distance/67.png", "camera_pos": [2.466886543008593, 3.1482968845751085, -0.05193756345634873], "lookAt_pos": [0.0, 0.0, 0.0], "transform_matrix": [[-0.021049228514654635, -0.7868998566466967, 0.6167216579307531, 2.466886520385742], [1.9526514344526557e-10, 0.6168583261720121, 0.7870742210681592, 3.14829683303833], [-0.9997784313749145, 0.01656730464787927, -0.01298439122028129, -0.051937565207481384], [0.0, 0.0, 0.0, 1.0]]}, {"rgb_file_path": "rgb/68.png", "depth_file_path": "distance/68.png", "camera_pos": [3.057907995968217, 0.2819518835576849, 2.5631429580793808], "lookAt_pos": [0.0, 0.0, 0.0], "transform_matrix": [[0.6423835844621653, -0.054020796348812544, 0.7644769933874298, 3.057908058166504], [-1.1644759603481064e-09, 0.997512561536754, 0.07048796236446077, 0.2819518744945526], [-0.7663832753799905, -0.04528030914331099, 0.6407857146351129, 2.563143014907837], [0.0, 0.0, 0.0, 1.0]]}, {"rgb_file_path": "rgb/69.png", "depth_file_path": "distance/69.png", "camera_pos": [-0.6355107552302087, 0.24740842881065322, -3.9414356710899363], "lookAt_pos": [0.0, 0.0, 0.0], "transform_matrix": [[-0.9872492189435467, 0.009845772370945192, -0.1588776920330852, -0.6355107426643372], [-4.823768107145139e-10, 0.9980853304062803, 0.06185210931427734, 0.2474084347486496], [0.15918248391554476, 0.06106344511982294, -0.9853588791932506, -3.9414355754852295], [0.0, 0.0, 0.0, 1.0]]}, {"rgb_file_path": "rgb/70.png", "depth_file_path": "distance/70.png", "camera_pos": [-1.5499972361942642, 2.6803293705417075, 2.5324579035398864], "lookAt_pos": [0.0, 0.0, 0.0], "transform_matrix": [[0.8529244017262101, 0.34980608397775337, -0.3874992731042966, -1.5499972105026245], [5.7341594082218715e-09, 0.7422867525757811, 0.6700822872664459, 2.6803293228149414], [0.5220345193512267, -0.5715295540933095, 0.6331144508706283, 2.5324578285217285], [0.0, 0.0, 0.0, 1.0]]}, {"rgb_file_path": "rgb/71.png", "depth_file_path": "distance/71.png", "camera_pos": [1.7654410609113171, 0.41275183798969006, 3.5655089090737744], "lookAt_pos": [0.0, 0.0, 0.0], "transform_matrix": [[0.8961610628963926, -0.04578748844299256, 0.4413602889491226, 1.7654410600662231], [1.5030167628457578e-09, 0.9946619416270082, 0.1031879610768058, 0.41275182366371155], [-0.4437289619495135, -0.09247303337849007, 0.8913772325107409, 3.5655088424682617], [0.0, 0.0, 0.0, 1.0]]}, {"rgb_file_path": "rgb/72.png", "depth_file_path": "distance/72.png", "camera_pos": [3.663697413210593, 0.7838241805887868, -1.4010499342844025], "lookAt_pos": [0.0, 0.0, 0.0], "transform_matrix": [[-0.3571873949512915, -0.18302937237153888, 0.9159243309894549, 3.6636974811553955], [2.705026953277701e-09, 0.9806127209900498, 0.19595605693390908, 0.7838242053985596], [-0.9340327494436153, 0.06999303257403511, -0.3502624781128578, -1.4010499715805054], [0.0, 0.0, 0.0, 1.0]]}, {"rgb_file_path": "rgb/73.png", "depth_file_path": "distance/73.png", "camera_pos": [3.0026847236991228, 2.602798057547977, -0.4575223728829034], "lookAt_pos": [0.0, 0.0, 0.0], "transform_matrix": [[-0.15063251186004042, -0.6432748992196761, 0.7506711877208601, 3.0026848316192627], [1.4360113126932117e-09, 0.7593353519085588, 0.6506994941885932, 2.6027979850769043], [-0.9885898305183777, 0.09801650187056535, -0.1143805921304797, -0.45752236247062683], [0.0, 0.0, 0.0, 1.0]]}, {"rgb_file_path": "rgb/74.png", "depth_file_path": "distance/74.png", "camera_pos": [0.3513106375963956, 1.272882990632397, -3.775758165993995], "lookAt_pos": [0.0, 0.0, 0.0], "transform_matrix": [[-0.9956993250756139, -0.029481105990607596, 0.08782765504349413, 0.3513106405735016], [2.981181694811597e-10, 0.9480165972671755, 0.31822071894798387, 1.2728829383850098], [-0.09264358114229258, 0.31685215029985886, -0.9439395308029225, -3.7757582664489746], [0.0, 0.0, 0.0, 1.0]]}, {"rgb_file_path": "rgb/75.png", "depth_file_path": "distance/75.png", "camera_pos": [-2.892399922264448, 1.872608260871524, 2.031590753818381], "lookAt_pos": [0.0, 0.0, 0.0], "transform_matrix": [[0.5747738199874621, 0.3830946284827431, -0.7230999618292057, -2.892400026321411], [-2.870074186175845e-09, 0.8836479657943025, 0.46815207720681895, 1.8726083040237427], [0.8183123782328552, -0.269081565018379, 0.5078976705164047, 2.031590700149536], [0.0, 0.0, 0.0, 1.0]]}, {"rgb_file_path": "rgb/76.png", "depth_file_path": "distance/76.png", "camera_pos": [-1.9799881929642769, 3.289853250040435, 1.1209426162477922], "lookAt_pos": [0.0, 0.0, 0.0], "transform_matrix": [[0.4926629600792022, 0.7157241387486843, -0.494997050853073, -1.9799882173538208], [8.052242136825241e-09, 0.5688181087020519, 0.8224632917571326, 3.28985333442688], [0.8702201486626217, -0.4051971911744112, 0.2802356435762326, 1.1209425926208496], [0.0, 0.0, 0.0, 1.0]]}, {"rgb_file_path": "rgb/77.png", "depth_file_path": "distance/77.png", "camera_pos": [-1.3840817969888592, 3.301860361550871, -1.7838261496186334], "lookAt_pos": [0.0, 0.0, 0.0], "transform_matrix": [[-0.7900682739844034, 0.5060257382602175, -0.34602046183594865, -1.3840818405151367], [8.792178783782849e-09, 0.5644532202298909, 0.8254650982299743, 3.3018603324890137], [0.613018932734097, 0.6521738043580282, -0.4459565273441226, -1.7838261127471924], [0.0, 0.0, 0.0, 1.0]]}, {"rgb_file_path": "rgb/78.png", "depth_file_path": "distance/78.png", "camera_pos": [3.393652656240594, 1.9708378586196416, 0.7738990785772425], "lookAt_pos": [0.0, 0.0, 0.0], "transform_matrix": [[0.22233524302449684, -0.48037706892546744, 0.8484131728405474, 3.3936526775360107], [1.6777663359876015e-09, 0.8701938668620812, 0.49270945079298034, 1.9708378314971924], [-0.9749702735107891, -0.10954667053159257, 0.19347476041627354, 0.7738990783691406], [0.0, 0.0, 0.0, 1.0]]}, {"rgb_file_path": "rgb/79.png", "depth_file_path": "distance/79.png", "camera_pos": [1.8445408398234524, 2.87323049606034, 2.083798360382368], "lookAt_pos": [0.0, 0.0, 0.0], "transform_matrix": [[0.7487860256810669, -0.47610286327503626, 0.4611352081654603, 1.8445408344268799], [8.082375421330723e-09, 0.6957257186637317, 0.7183076224648806, 2.873230457305908], [-0.6628119199055275, -0.5378587235315324, 0.5209495963397345, 2.083798408508301], [0.0, 0.0, 0.0, 1.0]]}, {"rgb_file_path": "rgb/80.png", "depth_file_path": "distance/80.png", "camera_pos": [-2.642218776812382, 0.29617032194072196, -2.9884716956768402], "lookAt_pos": [0.0, 0.0, 0.0], "transform_matrix": [[-0.7491743243483351, 0.049043795557242684, -0.6605546960322001, -2.642218828201294], [1.0935198982819785e-09, 0.9972550748090286, 0.0740425797614506, 0.29617032408714294], [0.6623728359075017, 0.055470800041242344, -0.7471178982698994, -2.988471746444702], [0.0, 0.0, 0.0, 1.0]]}, {"rgb_file_path": "rgb/81.png", "depth_file_path": "distance/81.png", "camera_pos": [2.0311157069637704, 3.3132148757820925, -0.9471938406795706], "lookAt_pos": [0.0, 0.0, 0.0], "transform_matrix": [[-0.42264354244235175, -0.7506882701479728, 0.5077789314923714, 2.031115770339966], [6.417133345102939e-09, 0.5602793439049761, 0.8283036332422328, 3.3132147789001465], [-0.9062959813306052, 0.350077176192472, -0.23679844422218063, -0.9471938610076904], [0.0, 0.0, 0.0, 1.0]]}, {"rgb_file_path": "rgb/82.png", "depth_file_path": "distance/82.png", "camera_pos": [2.218645364128224, 3.2507355326505634, -0.7143747230938381], "lookAt_pos": [0.0, 0.0, 0.0], "transform_matrix": [[-0.3064908101615401, -0.773572308761155, 0.5546613399539535, 2.2186453342437744], [-2.082669838245098e-09, 0.5827047870972162, 0.8126838922676745, 3.2507355213165283], [-0.9518735653523508, 0.24908014111051616, -0.17859367929745137, -0.7143747210502625], [0.0, 0.0, 0.0, 1.0]]}, {"rgb_file_path": "rgb/83.png", "depth_file_path": "distance/83.png", "camera_pos": [-3.6191008686753716, 0.7662535157310882, -1.521500723622213], "lookAt_pos": [0.0, 0.0, 0.0], "transform_matrix": [[-0.38755257041210195, 0.1765922487402152, -0.9047752255018635, -3.61910080909729], [1.0431154115382106e-09, 0.9814802477347782, 0.191563385264926, 0.7662535309791565], [0.9218476309569097, 0.07424088245352993, -0.3803751956416025, -1.5215007066726685], [0.0, 0.0, 0.0, 1.0]]}, {"rgb_file_path": "rgb/84.png", "depth_file_path": "distance/84.png", "camera_pos": [0.9447000763203978, 0.1346801088688818, 3.8845080813502375], "lookAt_pos": [0.0, 0.0, 0.0], "transform_matrix": [[0.971677901924024, -0.007956529738182349, 0.23617500378366446, 0.9447000622749329], [4.707180801918038e-10, 0.9994329672308904, 0.03367002563131287, 0.1346801072359085], [-0.236308